1 0.81328125 0.81015625 0.03515625 0.03515625
1 0.56953125 0.78984375 0.028125 0.0421875
1 0.071875 0.58828125 0.024609375 0.040625
1 0.0734375 0.38125 0.034375 0.034375
1 0.25625 0.1296875 0.0359375 0.0359375
1 0.34765625 0.128125 0.0234375 0.040625
1 0.4296875 0.415625 0.022265625 0.040625
1 0.48984375 0.41796875 0.0203125 0.034375
1 0.66015625 0.07734375 0.03125 0.05
1 0.81171875 0.134375 0.01875 0.03671875
1 0.8125 0.2703125 0.019140625 0.034765625
1 0.8921875 0.48828125 0.033984375 0.03359375