1 0.18671875 0.81015625 0.03515625 0.03515625
1 0.43046875 0.78984375 0.03515625 0.03515625
1 0.928125 0.58828125 0.024609375 0.040625
1 0.9265625 0.38125 0.034375 0.034375
1 0.74375 0.1296875 0.0359375 0.0359375
1 0.65234375 0.128125 0.03203125 0.03203125
1 0.5703125 0.415625 0.022265625 0.040625
1 0.51015625 0.41796875 0.02734375 0.02734375
1 0.33984375 0.07734375 0.03125 0.05
1 0.18828125 0.134375 0.01875 0.037109375
1 0.1875 0.2703125 0.026953125 0.026953125
1 0.1078125 0.48828125 0.021875 0.0453125