1 0.56796875 0.7921875 0.03828125 0.03828125
1 0.5703125 0.70234375 0.027734375 0.046875
1 0.51875 0.5765625 0.030078125 0.030078125
1 0.39375 0.56953125 0.030859375 0.03046875
1 0.159375 0.79609375 0.036328125 0.03671875
1 0.38828125 0.325 0.0265625 0.03828125
1 0.3484375 0.12578125 0.040234375 0.040625
1 0.25546875 0.13046875 0.03984375 0.03984375
1 0.51171875 0.15234375 0.021875 0.0421875
1 0.54375 0.328125 0.034765625 0.033984375
1 0.659375 0.075 0.040625 0.040625
1 0.809375 0.1328125 0.029296875 0.0296875
1 0.9234375 0.3453125 0.022265625 0.040234375
1 0.821875 0.5921875 0.034765625 0.034375
1 0.8875 0.72734375 0.03984375 0.03984375