2 0.728125 0.8203125 0.06796875 0.0671875
2 0.73359375 0.73046875 0.06015625 0.06015625
2 0.721875 0.65 0.074609375 0.068359375
2 0.72109375 0.5671875 0.065625 0.065234375
2 0.65234375 0.5328125 0.078125 0.084375
2 0.6515625 0.61640625 0.069140625 0.06953125
2 0.65078125 0.7 0.0703125 0.070703125
2 0.65078125 0.29296875 0.06875 0.071875
2 0.57578125 0.2890625 0.0828125 0.0828125
2 0.503125 0.296875 0.06328125 0.07421875
2 0.43984375 0.29140625 0.0875 0.078125
2 0.35703125 0.28671875 0.09375 0.09375