2 0.8203125 0.734375 0.065625 0.069140625
2 0.73203125 0.7390625 0.059375 0.059375
2 0.6515625 0.728125 0.06640625 0.07421875
2 0.56953125 0.72734375 0.0625 0.065625
2 0.5359375 0.659375 0.08125 0.08125
2 0.61875 0.65859375 0.068359375 0.0703125
2 0.70078125 0.6578125 0.07109375 0.07109375
2 0.2984375 0.6578125 0.07109375 0.06640625
2 0.29453125 0.5828125 0.08046875 0.080859375
2 0.30234375 0.5109375 0.071875 0.0625
2 0.296875 0.4484375 0.0828125 0.0828125
2 0.2921875 0.36640625 0.103125 0.084375