2 0.8203125 0.271875 0.0671875 0.067578125
2 0.73046875 0.26640625 0.059375 0.0609375
2 0.65 0.278125 0.071484375 0.071484375
2 0.5671875 0.27890625 0.065234375 0.065625
2 0.5328125 0.34765625 0.08125 0.08125
2 0.61640625 0.3484375 0.0671875 0.071484375
2 0.7 0.34921875 0.062890625 0.078125
2 0.29296875 0.34921875 0.0703125 0.0703125
2 0.2890625 0.42421875 0.096875 0.06875
2 0.296875 0.496875 0.074609375 0.062890625
2 0.29140625 0.56015625 0.0828125 0.0828125
2 0.28671875 0.64296875 0.09375 0.09375