2 0.30234375 0.60703125 0.0765625 0.078125
2 0.384375 0.60859375 0.066796875 0.0671875
2 0.4671875 0.6125 0.06875 0.069140625
2 0.5484375 0.609375 0.0625 0.074609375
2 0.63359375 0.60625 0.0546875 0.074609375
2 0.7125 0.61171875 0.05625 0.078125
2 0.71640625 0.5265625 0.07265625 0.072265625
2 0.63046875 0.5234375 0.06953125 0.06953125
2 0.54765625 0.51953125 0.0515625 0.0828125
2 0.46328125 0.528125 0.0671875 0.081640625
2 0.38203125 0.52109375 0.0671875 0.0765625
2 0.29609375 0.5234375 0.07109375 0.07109375
2 0.2140625 0.52421875 0.066015625 0.0828125