2 0.35625 0.73125 0.0765625 0.076953125
2 0.35390625 0.64921875 0.06640625 0.06640625
2 0.35 0.5671875 0.07578125 0.0625
2 0.353125 0.4859375 0.071875 0.0625
2 0.35703125 0.4 0.0640625 0.06328125
2 0.35078125 0.32109375 0.0671875 0.0671875
2 0.43671875 0.31796875 0.071875 0.071875
2 0.4390625 0.403125 0.0703125 0.069921875
2 0.44296875 0.48671875 0.0671875 0.0671875
2 0.434375 0.5703125 0.073828125 0.073828125
2 0.44140625 0.6515625 0.0765625 0.066015625
2 0.4390625 0.73828125 0.075 0.0671875
2 0.43828125 0.81953125 0.075 0.075