2 0.0625 0.12734375 0.10078125 0.10078125
2 0.31640625 0.11953125 0.1046875 0.0984375
2 0.0609375 0.27890625 0.09453125 0.09453125
2 0.06171875 0.43359375 0.0984375 0.0984375
2 0.32265625 0.4328125 0.10703125 0.10703125
2 0.12109375 0.71796875 0.1078125 0.1078125
2 0.27265625 0.7140625 0.10078125 0.10078125
2 0.42578125 0.7203125 0.10859375 0.10859375
2 0.43046875 0.9515625 0.09609375 0.09609375
2 0.27734375 0.94765625 0.0921875 0.0921875
2 0.125 0.94765625 0.09921875 0.09921875
2 0.71484375 0.084375 0.1328125 0.140625