2 0.07734375 0.3375 0.103125 0.102734375
2 0.07890625 0.4828125 0.1015625 0.1015625
2 0.08359375 0.74609375 0.1078125 0.1078125
2 0.08359375 0.93359375 0.1125 0.1125
2 0.24453125 0.92890625 0.1125 0.1046875
2 0.2484375 0.74609375 0.11328125 0.11328125
2 0.309375 0.3390625 0.1 0.11875
2 0.415625 0.03515625 0.08125 0.0703125
2 0.6859375 0.184375 0.096875 0.09765625
2 0.6859375 0.3421875 0.09375 0.090234375
2 0.81171875 0.04296875 0.075 0.06875
2 0.86875 0.01796875 0.05 0.0359375
2 0.90625 0.49453125 0.11875 0.128125
2 0.9015625 0.74375 0.097265625 0.103125
2 0.9046875 0.93203125 0.123046875 0.1234375