2 0.05859375 0.2015625 0.0703125 0.08125
2 0.1375 0.19453125 0.075 0.075
2 0.290625 0.19375 0.069140625 0.081640625
2 0.3765625 0.19375 0.053515625 0.074609375
2 0.446875 0.19453125 0.062109375 0.075
2 0.52890625 0.1953125 0.0640625 0.071484375
2 0.60703125 0.1921875 0.0671875 0.066796875
2 0.6859375 0.19140625 0.058984375 0.0671875
2 0.76640625 0.190625 0.0734375 0.07265625
2 0.7640625 0.27578125 0.070703125 0.0703125
2 0.684375 0.28046875 0.062890625 0.0765625
2 0.60234375 0.27421875 0.059375 0.071875
2 0.5234375 0.2796875 0.068359375 0.06875
2 0.365625 0.28203125 0.06171875 0.0734375
2 0.28828125 0.27578125 0.06640625 0.06640625
2 0.21171875 0.2796875 0.05625 0.06640625
2 0.13515625 0.2796875 0.0578125 0.0578125
2 0.05546875 0.2875 0.065625 0.075390625