2 0.59921875 0.27109375 0.059375 0.075
2 0.6859375 0.34609375 0.059375 0.078125
2 0.603125 0.353125 0.055859375 0.068359375
2 0.521875 0.27265625 0.059375 0.0625
2 0.5234375 0.3484375 0.060546875 0.0609375
2 0.44375 0.27578125 0.062109375 0.071875
2 0.446875 0.35625 0.062109375 0.062109375
2 0.365625 0.2734375 0.06875 0.069140625
2 0.36640625 0.3515625 0.06640625 0.066015625
2 0.2859375 0.27421875 0.065625 0.065625
2 0.2921875 0.35234375 0.06875 0.075
2 0.20859375 0.2734375 0.07421875 0.074609375
2 0.20703125 0.35390625 0.0640625 0.075