2 0.44609375 0.0828125 0.10859375 0.10859375
2 0.29296875 0.07734375 0.109375 0.1046875
2 0.0484375 0.07890625 0.096875 0.1015625
2 0.05078125 0.23671875 0.1015625 0.1015625
2 0.4421875 0.3015625 0.094140625 0.093359375
2 0.76171875 0.4078125 0.11015625 0.109765625
2 0.91796875 0.55859375 0.1078125 0.0984375
2 0.98203125 0.66796875 0.0359375 0.0515625
2 0.6 0.66875 0.0984375 0.098828125
2 0.4484375 0.66875 0.09453125 0.09609375
2 0.29453125 0.87890625 0.1296875 0.1078125
2 0.046875 0.88125 0.09375 0.100390625