2 0.934375 0.48046875 0.04375 0.0828125
2 0.82734375 0.4765625 0.05546875 0.05546875
2 0.87265625 0.4828125 0.06953125 0.06953125
2 0.76484375 0.4796875 0.0421875 0.075
2 0.70703125 0.4828125 0.0390625 0.084375
2 0.65703125 0.48515625 0.0703125 0.0703125
2 0.60546875 0.48828125 0.06875 0.06875
2 0.54765625 0.4921875 0.06640625 0.06640625
2 0.49375 0.49453125 0.06171875 0.06171875
2 0.4390625 0.484375 0.0703125 0.0703125
2 0.3875 0.4828125 0.071875 0.071875
2 0.3375 0.4828125 0.075 0.075
2 0.27734375 0.4875 0.06796875 0.06796875
2 0.165625 0.4796875 0.065625 0.065625
2 0.0546875 0.48359375 0.06328125 0.06328125