2 0.94609375 0.48671875 0.0453125 0.084375
2 0.8375 0.4828125 0.046875 0.06640625
2 0.88359375 0.4890625 0.053125 0.090234375
2 0.7734375 0.4859375 0.0609375 0.06015625
2 0.71484375 0.4890625 0.040625 0.084765625
2 0.6640625 0.49140625 0.0625 0.08125
2 0.61171875 0.49453125 0.06953125 0.06953125
2 0.553125 0.4984375 0.059375 0.077734375
2 0.4984375 0.50078125 0.0625 0.0625
2 0.44296875 0.490625 0.0515625 0.09296875
2 0.390625 0.4890625 0.07265625 0.07421875
2 0.33984375 0.4890625 0.07734375 0.076953125
2 0.27890625 0.49375 0.04375 0.094140625
2 0.16484375 0.4859375 0.0609375 0.07265625
2 0.05234375 0.48984375 0.0578125 0.071875