2 0.51328125 0.94609375 0.084375 0.0453125
2 0.5171875 0.8375 0.05703125 0.05625
2 0.5109375 0.88359375 0.07109375 0.071875
2 0.5140625 0.7734375 0.060546875 0.0609375
2 0.5109375 0.71484375 0.062890625 0.0625
2 0.50859375 0.6640625 0.08125 0.0625
2 0.50546875 0.61171875 0.0875 0.0515625
2 0.5015625 0.553125 0.068359375 0.06875
2 0.49921875 0.4984375 0.08125 0.04375
2 0.509375 0.44296875 0.072265625 0.07265625
2 0.5109375 0.390625 0.08515625 0.06171875
2 0.5109375 0.33984375 0.076953125 0.07734375
2 0.50625 0.27890625 0.069140625 0.06875
2 0.5140625 0.16484375 0.066796875 0.06640625
2 0.51015625 0.05234375 0.06484375 0.06484375