2 0.58359375 0.065625 0.07265625 0.07265625
2 0.58203125 0.175 0.0703125 0.04375
2 0.5734375 0.23125 0.090625 0.04375
2 0.5734375 0.2875 0.090625 0.05
2 0.56484375 0.34375 0.06953125 0.06953125
2 0.57265625 0.3953125 0.0796875 0.053125
2 0.5734375 0.4546875 0.08125 0.053125
2 0.575 0.5625 0.06875 0.06875
2 0.57578125 0.61875 0.06953125 0.06953125
2 0.56171875 0.68203125 0.0796875 0.0484375
2 0.5703125 0.50859375 0.08125 0.0390625
2 0.5765625 0.73125 0.08125 0.05
2 0.578125 0.83671875 0.07265625 0.07265625
2 0.57890625 0.9453125 0.06953125 0.06953125