2 0.0453125 0.5765625 0.059765625 0.090234375
2 0.1578125 0.575 0.060546875 0.060546875
2 0.21640625 0.56640625 0.06953125 0.06953125
2 0.27421875 0.56640625 0.0515625 0.09375
2 0.33203125 0.55703125 0.071875 0.071875
2 0.38515625 0.565625 0.06796875 0.068359375
2 0.446875 0.56640625 0.055859375 0.084375
2 0.5578125 0.56796875 0.053515625 0.0875
2 0.61640625 0.56875 0.07109375 0.071484375
2 0.68125 0.55390625 0.05 0.0828125
2 0.50234375 0.56328125 0.06171875 0.06171875
2 0.73203125 0.56953125 0.0515625 0.0828125
2 0.84140625 0.57109375 0.059375 0.090625
2 0.953125 0.571875 0.072265625 0.071484375