2 0.4234375 0.0453125 0.08984375 0.06015625
2 0.425 0.1578125 0.060546875 0.060546875
2 0.43359375 0.21640625 0.06953125 0.06953125
2 0.43359375 0.27421875 0.07265625 0.07265625
2 0.44296875 0.33203125 0.071875 0.071875
2 0.434375 0.38515625 0.081640625 0.0546875
2 0.43359375 0.446875 0.084375 0.055859375
2 0.43203125 0.5578125 0.0703125 0.070703125
2 0.43125 0.61640625 0.071484375 0.07109375
2 0.44609375 0.68125 0.0828125 0.05
2 0.43671875 0.50234375 0.06171875 0.06171875
2 0.43046875 0.73203125 0.0671875 0.0671875
2 0.42890625 0.84140625 0.075 0.075
2 0.428125 0.953125 0.087109375 0.056640625