2 0.9390625 0.52421875 0.0625 0.0703125
2 0.81875 0.521875 0.0734375 0.073828125
2 0.77265625 0.52265625 0.0625 0.078125
2 0.7140625 0.525 0.0734375 0.073046875
2 0.65546875 0.525 0.071875 0.07109375
2 0.603125 0.525 0.065234375 0.065234375
2 0.5453125 0.5265625 0.071875 0.072265625
2 0.4875 0.53203125 0.074609375 0.07421875
2 0.434375 0.52578125 0.06875 0.078125
2 0.38203125 0.52265625 0.059375 0.08125
2 0.3203125 0.5296875 0.06875 0.083984375
2 0.26796875 0.5234375 0.059375 0.072265625
2 0.15390625 0.52421875 0.07890625 0.07890625
2 0.04453125 0.52109375 0.07421875 0.07421875