2 0.0578125 0.528125 0.065234375 0.074609375
2 0.18125 0.52578125 0.076171875 0.0765625
2 0.228125 0.5265625 0.062890625 0.078515625
2 0.28828125 0.52890625 0.07421875 0.07421875
2 0.3484375 0.52890625 0.073046875 0.0734375
2 0.40234375 0.52890625 0.065625 0.065625
2 0.46171875 0.53046875 0.07421875 0.07421875
2 0.52109375 0.5359375 0.0765625 0.0765625
2 0.57578125 0.5296875 0.07421875 0.074609375
2 0.62890625 0.5265625 0.07265625 0.072265625
2 0.6921875 0.534375 0.07734375 0.078125
2 0.74609375 0.52734375 0.0609375 0.075
2 0.8625 0.528125 0.069140625 0.093359375
2 0.971875 0.52578125 0.05625 0.0890625