2 0.94765625 0.4140625 0.053125 0.066015625
2 0.8859375 0.41796875 0.05390625 0.075
2 0.8234375 0.4140625 0.0640625 0.063671875
2 0.7625 0.41328125 0.081640625 0.08203125
2 0.7015625 0.40859375 0.07421875 0.075
2 0.6375 0.41484375 0.053125 0.0859375
2 0.57578125 0.409375 0.07578125 0.076171875
2 0.51875 0.40859375 0.050390625 0.0875
2 0.4671875 0.409375 0.06640625 0.065625
2 0.40703125 0.4109375 0.0625 0.084765625
2 0.34765625 0.40859375 0.05625 0.090625
2 0.28125 0.415625 0.056640625 0.087109375
2 0.2171875 0.4109375 0.065234375 0.102734375
2 0.10078125 0.40859375 0.046875 0.0875