2 0.10234375 0.45 0.07578125 0.07578125
2 0.0453125 0.446875 0.0734375 0.0734375
2 0.1609375 0.44921875 0.06484375 0.084375
2 0.221875 0.453125 0.075 0.075
2 0.2828125 0.45859375 0.078125 0.07734375
2 0.3453125 0.45078125 0.08671875 0.08671875
2 0.4046875 0.45703125 0.0765625 0.0765625
2 0.4625 0.45625 0.084375 0.083984375
2 0.5265625 0.45703125 0.075 0.075
2 0.5890625 0.45859375 0.0625 0.1
2 0.646875 0.46328125 0.086328125 0.0859375
2 0.7125 0.46015625 0.075 0.103125
2 0.82265625 0.46015625 0.07734375 0.07734375
2 0.94296875 0.45078125 0.0828125 0.0984375