2 0.95078125 0.4359375 0.0578125 0.06875
2 0.8359375 0.4453125 0.068359375 0.069140625
2 0.8875 0.4421875 0.04296875 0.09140625
2 0.78203125 0.44453125 0.06796875 0.06796875
2 0.7265625 0.44765625 0.06875 0.06875
2 0.6703125 0.453125 0.059765625 0.081640625
2 0.61328125 0.44609375 0.08046875 0.08046875
2 0.55859375 0.4515625 0.06953125 0.0703125
2 0.50625 0.45078125 0.05625 0.096875
2 0.44765625 0.4515625 0.0453125 0.091015625
2 0.38984375 0.453125 0.05625 0.09296875
2 0.3375 0.45703125 0.05703125 0.1
2 0.27734375 0.4546875 0.06875 0.09609375
2 0.17578125 0.4546875 0.0640625 0.078515625
2 0.06640625 0.44609375 0.0765625 0.090625