2 0.05078125 0.43671875 0.0578125 0.0671875
2 0.16484375 0.4453125 0.06796875 0.06796875
2 0.11328125 0.4421875 0.0421875 0.090625
2 0.21796875 0.44453125 0.0671875 0.0671875
2 0.2734375 0.44765625 0.06796875 0.06796875
2 0.32890625 0.453125 0.07109375 0.07109375
2 0.3859375 0.44609375 0.07890625 0.07890625
2 0.43984375 0.4515625 0.06953125 0.06953125
2 0.4921875 0.45078125 0.05625 0.0953125
2 0.55078125 0.4515625 0.0453125 0.090625
2 0.6078125 0.453125 0.0734375 0.0734375
2 0.66015625 0.45703125 0.0578125 0.0984375
2 0.71953125 0.4546875 0.0671875 0.09375
2 0.8203125 0.4546875 0.0703125 0.0703125
2 0.9296875 0.44609375 0.08203125 0.08203125