2 0.04921875 0.4359375 0.06328125 0.06328125
2 0.1640625 0.4453125 0.06796875 0.06953125
2 0.1125 0.4421875 0.04296875 0.09140625
2 0.21796875 0.44453125 0.0578125 0.078125
2 0.2734375 0.44765625 0.05625 0.08125
2 0.3296875 0.453125 0.070703125 0.070703125
2 0.38671875 0.44609375 0.0640625 0.096875
2 0.44140625 0.4515625 0.06953125 0.069921875
2 0.49375 0.45078125 0.0765625 0.0765625
2 0.55234375 0.4515625 0.0453125 0.091015625
2 0.61015625 0.453125 0.05625 0.09296875
2 0.6625 0.45703125 0.05703125 0.1
2 0.72265625 0.4546875 0.0828125 0.082421875
2 0.82421875 0.4546875 0.0640625 0.078515625
2 0.93359375 0.44609375 0.08359375 0.08359375