2 0.98046875 0.61640625 0.0390625 0.0921875
2 0.92734375 0.6203125 0.0734375 0.073046875
2 0.86484375 0.6171875 0.075 0.075390625
2 0.803125 0.615625 0.075 0.075
2 0.74765625 0.6125 0.0484375 0.100390625
2 0.68984375 0.60703125 0.0640625 0.10625
2 0.62890625 0.6015625 0.0796875 0.0796875
2 0.56953125 0.61015625 0.0515625 0.1125
2 0.50859375 0.60546875 0.0828125 0.0828125
2 0.453125 0.6125 0.087890625 0.087109375
2 0.3984375 0.60703125 0.0828125 0.0828125
2 0.3328125 0.60703125 0.059375 0.1015625
2 0.2765625 0.60546875 0.07578125 0.07578125
2 0.159375 0.6171875 0.065625 0.065625
2 0.04296875 0.609375 0.05625 0.09921875