2 0.9578125 0.584375 0.07265625 0.07421875
2 0.89609375 0.58828125 0.06953125 0.06953125
2 0.8359375 0.58515625 0.071875 0.071875
2 0.7765625 0.58359375 0.071875 0.071875
2 0.7234375 0.58046875 0.071875 0.071875
2 0.66796875 0.57578125 0.0609375 0.103125
2 0.609375 0.5703125 0.049609375 0.103515625
2 0.55234375 0.578125 0.078125 0.078515625
2 0.49375 0.57421875 0.07890625 0.078125
2 0.440625 0.58046875 0.084375 0.084375
2 0.38828125 0.57578125 0.0796875 0.0796875
2 0.325 0.57578125 0.05625 0.096875
2 0.27109375 0.57421875 0.0484375 0.096875
2 0.1578125 0.58515625 0.052734375 0.075
2 0.04609375 0.57734375 0.0734375 0.0734375