2 0.01953125 0.61640625 0.0390625 0.0921875
2 0.07265625 0.6203125 0.0625 0.083984375
2 0.13515625 0.6171875 0.075 0.075390625
2 0.196875 0.615625 0.059375 0.090625
2 0.25234375 0.6125 0.0484375 0.100390625
2 0.31015625 0.60703125 0.08515625 0.08515625
2 0.37109375 0.6015625 0.05 0.109375
2 0.43046875 0.61015625 0.08203125 0.08203125
2 0.49140625 0.60546875 0.0609375 0.1046875
2 0.546875 0.6125 0.087890625 0.087109375
2 0.6015625 0.60703125 0.059375 0.10625
2 0.6671875 0.60703125 0.059375 0.1015625
2 0.7234375 0.60546875 0.05 0.1015625
2 0.840625 0.6171875 0.065625 0.065625
2 0.95703125 0.609375 0.078125 0.077734375