6 0.68515625 0.325 0.0171875 0.04609375
6 0.7828125 0.66640625 0.01171875 0.03671875
6 0.96328125 0.95078125 0.02109375 0.04453125
6 0.44296875 0.834375 0.00859375 0.02734375
6 0.1640625 0.68203125 0.01015625 0.01875
6 0.0140625 0.490625 0.01171875 0.02109375
6 0.2546875 0.1359375 0.02265625 0.03828125
6 0.32265625 0.1140625 0.0125 0.03046875
6 0.51328125 0.09296875 0.015625 0.028125
6 0.58828125 0.03515625 0.0109375 0.02578125
6 0.50859375 0.13671875 0.009375 0.01875
6 0.3546875 0.075 0.021875 0.02109375
6 0.37265625 0.39140625 0.0140625 0.02890625
6 0.0234375 0.04375 0.02109375 0.04609375