6 0.37265625 0.353125 0.0234375 0.023828125
6 0.27890625 0.54609375 0.0142578125 0.0205078125
6 0.125 0.6796875 0.01953125 0.028125
6 0.24453125 0.03203125 0.026171875 0.02578125
6 0.8625 0.56953125 0.0296875 0.0296875
6 0.88125 0.865625 0.015625 0.0341796875
6 0.96015625 0.82578125 0.015625 0.03125
6 0.959375 0.88828125 0.0283203125 0.028125
6 0.76328125 0.5921875 0.015625 0.0376953125
6 0.515625 0.71484375 0.0150390625 0.0150390625
6 0.5515625 0.90859375 0.0158203125 0.0330078125
6 0.71171875 0.09765625 0.0140625 0.0236328125
6 0.7546875 0.08203125 0.0236328125 0.0234375
6 0.8234375 0.02890625 0.015625 0.032421875
6 0.4671875 0.09921875 0.0248046875 0.0330078125
6 0.66015625 0.30078125 0.015625 0.025
6 0.88359375 0.31640625 0.0267578125 0.0263671875
6 0.9875 0.6859375 0.019140625 0.0185546875
6 0.46640625 0.19765625 0.013671875 0.023046875
6 0.39921875 0.0234375 0.017578125 0.019140625