6 0.37265625 0.353125 0.01875 0.02890625
6 0.27890625 0.54609375 0.01484375 0.02109375
6 0.125 0.6796875 0.0203125 0.028125
6 0.24453125 0.03203125 0.02109375 0.03125
6 0.8625 0.56953125 0.025 0.034375
6 0.88125 0.865625 0.015625 0.03359375
6 0.96015625 0.82578125 0.015625 0.03125
6 0.959375 0.88828125 0.01640625 0.040625
6 0.76328125 0.5921875 0.015625 0.03828125
6 0.515625 0.71484375 0.01328125 0.01796875
6 0.5515625 0.90859375 0.01640625 0.03359375
6 0.71171875 0.09765625 0.0140625 0.02421875
6 0.7546875 0.08203125 0.01953125 0.028125
6 0.8234375 0.02890625 0.015625 0.03203125
6 0.4671875 0.09921875 0.02421875 0.03359375
6 0.66015625 0.30078125 0.015625 0.025
6 0.88359375 0.31640625 0.02109375 0.03203125
6 0.9875 0.6859375 0.0140625 0.02421875
6 0.46640625 0.19765625 0.01328125 0.02265625
6 0.39921875 0.0234375 0.01796875 0.01953125