6 0.26796875 0.41328125 0.0203125 0.03046875
6 0.3390625 0.5234375 0.015625 0.028125
6 0.334375 0.12265625 0.02109375 0.03984375
6 0.6921875 0.096875 0.02734375 0.02734375
6 0.93125 0.15859375 0.0203125 0.021875
6 0.88828125 0.14609375 0.015625 0.02109375
6 0.89453125 0.18671875 0.009375 0.02109375
6 0.74375 0.62421875 0.01875 0.02109375
6 0.740625 0.65546875 0.0109375 0.021875
6 0.84140625 0.6234375 0.015625 0.01953125
6 0.975 0.49453125 0.0125 0.025
6 0.984375 0.5609375 0.0234375 0.06796875
6 0.95546875 0.90859375 0.0109375 0.02890625
6 0.95703125 0.859375 0.02109375 0.02890625
6 0.64921875 0.3734375 0.015625 0.02421875