6 0.5859375 0.2953125 0.0330078125 0.0326171875
6 0.6890625 0.490625 0.015625 0.0279296875
6 0.8546875 0.63671875 0.021484375 0.0361328125
6 0.0984375 0.3015625 0.01875 0.0310546875
6 0.1171875 0.55625 0.0279296875 0.0375
6 0.20546875 0.54921875 0.01875 0.03125
6 0.10078125 0.86171875 0.025 0.024609375
6 0.03359375 0.82109375 0.0205078125 0.034375
6 0.03203125 0.88828125 0.028125 0.027734375
6 0.4109375 0.90390625 0.015625 0.034375
6 0.48984375 0.02578125 0.028515625 0.027734375
6 0.21640625 0.04609375 0.02109375 0.0212890625
6 0.25390625 0.05390625 0.01875 0.01875
6 0.30625 0.2640625 0.01484375 0.0140625
6 0.2578125 0.3 0.0123046875 0.025