6 0.26796875 0.41328125 0.025 0.0251953125
6 0.3390625 0.5234375 0.021875 0.021875
6 0.334375 0.12265625 0.0216796875 0.0392578125
6 0.6921875 0.096875 0.027734375 0.027734375
6 0.93125 0.15859375 0.019140625 0.021875
6 0.88828125 0.14609375 0.01796875 0.0181640625
6 0.89453125 0.18671875 0.009375 0.020703125
6 0.74375 0.62421875 0.01953125 0.0197265625
6 0.740625 0.65546875 0.016796875 0.0171875
6 0.84140625 0.6234375 0.015625 0.0189453125
6 0.975 0.49453125 0.01875 0.01875
6 0.98046875 0.56015625 0.0390625 0.0453125
6 0.95546875 0.90859375 0.0109375 0.0294921875
6 0.95703125 0.859375 0.0205078125 0.0283203125
6 0.64921875 0.3734375 0.015625 0.0248046875