6 0.353125 0.3328125 0.02265625 0.04296875
6 0.24140625 0.55234375 0.01640625 0.02734375
6 0.0625 0.71484375 0.0234375 0.03828125
6 0.9484375 0.92734375 0.01640625 0.0375
6 0.559375 0.9796875 0.01640625 0.03828125
6 0.9484375 0.28515625 0.0109375 0.03671875
6 0.684375 0.265625 0.015625 0.01875
6 0.6203125 0.4515625 0.0109375 0.021875
6 0.74296875 0.29765625 0.01796875 0.03203125
6 0.46171875 0.1453125 0.0125 0.02421875
6 0.5203125 0.20859375 0.01171875 0.021875
6 0.98203125 0.0734375 0.02109375 0.065625
6 0.51953125 0.7515625 0.015625 0.02578125
6 0.77421875 0.7078125 0.015625 0.02421875
6 0.91953125 0.6046875 0.01875 0.021875
6 0.4109375 0.42421875 0.0125 0.03203125
6 0.48125 0.7765625 0.01171875 0.02421875