6 0.353125 0.3328125 0.0330078125 0.0326171875
6 0.24140625 0.55234375 0.0216796875 0.0220703125
6 0.0625 0.71484375 0.03125 0.031640625
6 0.9484375 0.92734375 0.0267578125 0.0265625
6 0.559375 0.9796875 0.0158203125 0.0376953125
6 0.9484375 0.28515625 0.009765625 0.0361328125
6 0.684375 0.265625 0.015625 0.01875
6 0.6203125 0.4515625 0.009765625 0.021875
6 0.74296875 0.29765625 0.0173828125 0.0326171875
6 0.46171875 0.1453125 0.0125 0.0248046875
6 0.5203125 0.20859375 0.016796875 0.0171875
6 0.98203125 0.0734375 0.0205078125 0.065625
6 0.51953125 0.7515625 0.0203125 0.020703125
6 0.77421875 0.7078125 0.0203125 0.019921875
6 0.91953125 0.6046875 0.01875 0.021875
6 0.4109375 0.42421875 0.0125 0.0326171875
6 0.48125 0.7765625 0.0123046875 0.0248046875